/*--------------------------------*- C++ -*----------------------------------*\
| =========                 |                                                 |
| \\      /  F ield         | OpenFOAM: The Open Source CFD Toolbox           |
|  \\    /   O peration     | Version:  2412                                  |
|   \\  /    A nd           | Website:  www.openfoam.com                      |
|    \\/     M anipulation  |                                                 |
\*---------------------------------------------------------------------------*/
FoamFile
{
    version     2.0;
    format      ascii;
    arch        "LSB;label=32;scalar=64";
    note        "nPoints:15010  nCells:6000  nFaces:25504  nInternalFaces:10496";
    class       labelList;
    location    "constant/solid/polyMesh";
    object      neighbour;
}
// * * * * * * * * * * * * * * * * * * * * * * * * * * * * * * * * * * * * * //


10496
(
1
4
2
5
3
6
7
5
8
6
9
7
10
11
9
12
10
13
11
14
15
13
16
14
17
15
18
19
17
20
18
21
19
22
23
21
24
22
25
23
26
27
25
28
26
29
27
30
31
29
32
30
33
31
34
35
33
36
34
37
35
38
39
37
40
38
41
39
42
43
41
44
42
45
43
46
47
45
48
46
49
47
50
51
49
52
50
53
51
54
55
53
56
54
57
55
58
59
57
60
58
61
59
62
63
61
64
62
65
63
66
67
65
68
66
69
67
70
71
69
72
70
73
71
74
75
73
76
74
77
75
78
79
77
80
78
81
79
82
83
81
84
82
85
83
86
87
85
88
86
89
87
90
91
89
92
90
93
91
94
95
93
96
94
97
95
98
99
97
100
98
101
99
102
103
101
104
102
105
103
106
107
105
108
106
109
107
110
111
109
112
110
113
111
114
115
113
116
114
117
115
118
119
117
120
118
121
119
122
123
121
124
122
125
123
126
127
125
128
126
129
127
130
131
129
132
130
133
131
134
135
133
136
134
137
135
138
139
137
140
138
141
139
142
143
141
144
142
145
143
146
147
145
148
146
149
147
150
151
149
152
150
153
151
154
155
153
156
154
157
155
158
159
157
160
158
161
159
162
163
161
164
162
165
163
166
167
165
168
166
169
167
170
171
169
172
170
173
171
174
175
173
176
174
177
175
178
179
177
180
178
181
179
182
183
181
184
182
185
183
186
187
185
188
186
189
187
190
191
189
192
190
193
191
194
195
193
196
194
197
195
198
199
197
200
198
201
199
202
203
201
204
202
205
203
206
207
205
208
206
209
207
210
211
209
212
210
213
211
214
215
213
216
214
217
215
218
219
217
220
218
221
219
222
223
221
224
222
225
223
226
227
225
228
226
229
227
230
231
229
232
230
233
231
234
235
233
236
234
237
235
238
239
237
240
238
241
239
242
243
241
244
242
245
243
246
247
245
248
246
249
247
250
251
249
252
250
253
251
254
255
253
256
254
257
255
258
259
257
260
258
261
259
262
263
261
264
262
265
263
266
267
265
268
266
269
267
270
271
269
272
270
273
271
274
275
273
276
274
277
275
278
279
277
280
278
281
279
282
283
281
284
282
285
283
286
287
285
288
286
289
287
290
291
289
292
290
293
291
294
295
293
296
294
297
295
298
299
297
300
298
301
299
302
303
301
304
302
305
303
306
307
305
308
306
309
307
310
311
309
312
310
313
311
314
315
313
316
314
317
315
318
319
317
320
318
321
319
322
323
321
324
322
325
323
326
327
325
328
326
329
327
330
331
329
332
330
333
331
334
335
333
336
334
337
335
338
339
337
340
338
341
339
342
343
341
344
342
345
343
346
347
345
348
346
349
347
350
351
349
352
350
353
351
354
355
353
356
354
357
355
358
359
357
360
358
361
359
362
363
361
364
362
365
363
366
367
365
368
366
369
367
370
371
369
372
370
373
371
374
375
373
376
374
377
375
378
379
377
380
378
381
379
382
383
381
384
382
385
383
386
387
385
388
386
389
387
390
391
389
392
390
393
391
394
395
393
396
394
397
395
398
399
397
400
398
401
399
402
403
401
404
402
405
403
406
407
405
408
406
409
407
410
411
409
412
410
413
411
414
415
413
416
414
417
415
418
419
417
420
418
421
419
422
423
421
424
422
425
423
426
427
425
428
426
429
427
430
431
429
432
430
433
431
434
435
433
436
434
437
435
438
439
437
440
438
441
439
442
443
441
444
442
445
443
446
447
445
448
446
449
447
450
451
449
452
450
453
451
454
455
453
456
454
457
455
458
459
457
460
458
461
459
462
463
461
464
462
465
463
466
467
465
468
466
469
467
470
471
469
472
470
473
471
474
475
473
476
474
477
475
478
479
477
480
478
481
479
482
483
481
484
482
485
483
486
487
485
488
486
489
487
490
491
489
492
490
493
491
494
495
493
496
494
497
495
498
499
497
500
498
501
499
502
503
501
504
502
505
503
506
507
505
508
506
509
507
510
511
509
512
510
513
511
514
515
513
516
514
517
515
518
519
517
520
518
521
519
522
523
521
524
522
525
523
526
527
525
528
526
529
527
530
531
529
532
530
533
531
534
535
533
536
534
537
535
538
539
537
540
538
541
539
542
543
541
544
542
545
543
546
547
545
548
546
549
547
550
551
549
552
550
553
551
554
555
553
556
554
557
555
558
559
557
560
558
561
559
562
563
561
564
562
565
563
566
567
565
568
566
569
567
570
571
569
572
570
573
571
574
575
573
576
574
577
575
578
579
577
580
578
581
579
582
583
581
584
582
585
583
586
587
585
588
586
589
587
590
591
589
592
590
593
591
594
595
593
596
594
597
595
598
599
597
600
598
601
599
602
603
601
604
602
605
603
606
607
605
608
606
609
607
610
611
609
612
610
613
611
614
615
613
616
614
617
615
618
619
617
620
618
621
619
622
623
621
624
622
625
623
626
627
625
628
626
629
627
630
631
629
632
630
633
631
634
635
633
636
634
637
635
638
639
637
640
638
641
639
642
643
641
644
642
645
643
646
647
645
648
646
649
647
650
651
649
652
650
653
651
654
655
653
656
654
657
655
658
659
657
660
658
661
659
662
663
661
664
662
665
663
666
667
665
668
666
669
667
670
671
669
672
670
673
671
674
675
673
676
674
677
675
678
679
677
680
678
681
679
682
683
681
684
682
685
683
686
687
685
688
686
689
687
690
691
689
692
690
693
691
694
695
693
696
694
697
695
698
699
697
700
698
701
699
702
703
701
704
702
705
703
706
707
705
708
706
709
707
710
711
709
712
710
713
711
714
715
713
716
714
717
715
718
719
717
720
718
721
719
722
723
721
724
722
725
723
726
727
725
728
726
729
727
730
731
729
732
730
733
731
734
735
733
736
734
737
735
738
739
737
740
738
741
739
742
743
741
744
742
745
743
746
747
745
748
746
749
747
750
751
749
752
750
753
751
754
755
753
756
754
757
755
758
759
757
760
758
761
759
762
763
761
764
762
765
763
766
767
765
768
766
769
767
770
771
769
772
770
773
771
774
775
773
776
774
777
775
778
779
777
780
778
781
779
782
783
781
784
782
785
783
786
787
785
788
786
789
787
790
791
789
792
790
793
791
794
795
793
796
794
797
795
798
799
797
800
798
801
799
802
803
801
804
802
805
803
806
807
805
808
806
809
807
810
811
809
812
810
813
811
814
815
813
816
814
817
815
818
819
817
820
818
821
819
822
823
821
824
822
825
823
826
827
825
828
826
829
827
830
831
829
832
830
833
831
834
835
833
836
834
837
835
838
839
837
840
838
841
839
842
843
841
844
842
845
843
846
847
845
848
846
849
847
850
851
849
852
850
853
851
854
855
853
856
854
857
855
858
859
857
860
858
861
859
862
863
861
864
862
865
863
866
867
865
868
866
869
867
870
871
869
872
870
873
871
874
875
873
876
874
877
875
878
879
877
880
878
881
879
882
883
881
884
882
885
883
886
887
885
888
886
889
887
890
891
889
892
890
893
891
894
895
893
896
894
897
895
898
899
897
900
898
901
899
902
903
901
904
902
905
903
906
907
905
908
906
909
907
910
911
909
912
910
913
911
914
915
913
916
914
917
915
918
919
917
920
918
921
919
922
923
921
924
922
925
923
926
927
925
928
926
929
927
930
931
929
932
930
933
931
934
935
933
936
934
937
935
938
939
937
940
938
941
939
942
943
941
944
942
945
943
946
947
945
948
946
949
947
950
951
949
952
950
953
951
954
955
953
956
954
957
955
958
959
957
960
958
961
959
962
963
961
964
962
965
963
966
967
965
968
966
969
967
970
971
969
972
970
973
971
974
975
973
976
974
977
975
978
979
977
980
978
981
979
982
983
981
984
982
985
983
986
987
985
988
986
989
987
990
991
989
992
990
993
991
994
995
993
996
994
997
995
998
999
997
1000
998
1001
999
1002
1003
1001
1004
1002
1005
1003
1006
1007
1005
1008
1006
1009
1007
1010
1011
1009
1012
1010
1013
1011
1014
1015
1013
1016
1014
1017
1015
1018
1019
1017
1020
1018
1021
1019
1022
1023
1021
1024
1022
1025
1023
1026
1027
1025
1028
1026
1029
1027
1030
1031
1029
1032
1030
1033
1031
1034
1035
1033
1036
1034
1037
1035
1038
1039
1037
1040
1038
1041
1039
1042
1043
1041
1044
1042
1045
1043
1046
1047
1045
1048
1046
1049
1047
1050
1051
1049
1052
1050
1053
1051
1054
1055
1053
1056
1054
1057
1055
1058
1059
1057
1060
1058
1061
1059
1062
1063
1061
1064
1062
1065
1063
1066
1067
1065
1068
1066
1069
1067
1070
1071
1069
1072
1070
1073
1071
1074
1075
1073
1076
1074
1077
1075
1078
1079
1077
1080
1078
1081
1079
1082
1083
1081
1084
1082
1085
1083
1086
1087
1085
1088
1086
1089
1087
1090
1091
1089
1092
1090
1093
1091
1094
1095
1093
1096
1094
1097
1095
1098
1099
1097
1100
1098
1101
1099
1102
1103
1101
1104
1102
1105
1103
1106
1107
1105
1108
1106
1109
1107
1110
1111
1109
1112
1110
1113
1111
1114
1115
1113
1116
1114
1117
1115
1118
1119
1117
1120
1118
1121
1119
1122
1123
1121
1124
1122
1125
1123
1126
1127
1125
1128
1126
1129
1127
1130
1131
1129
1132
1130
1133
1131
1134
1135
1133
1136
1134
1137
1135
1138
1139
1137
1140
1138
1141
1139
1142
1143
1141
1144
1142
1145
1143
1146
1147
1145
1148
1146
1149
1147
1150
1151
1149
1152
1150
1153
1151
1154
1155
1153
1156
1154
1157
1155
1158
1159
1157
1160
1158
1161
1159
1162
1163
1161
1164
1162
1165
1163
1166
1167
1165
1168
1166
1169
1167
1170
1171
1169
1172
1170
1173
1171
1174
1175
1173
1176
1174
1177
1175
1178
1179
1177
1180
1178
1181
1179
1182
1183
1181
1184
1182
1185
1183
1186
1187
1185
1188
1186
1189
1187
1190
1191
1189
1192
1190
1193
1191
1194
1195
1193
1196
1194
1197
1195
1198
1199
1197
1200
1198
1201
1199
1202
1203
1201
1204
1202
1205
1203
1206
1207
1205
1208
1206
1209
1207
1210
1211
1209
1212
1210
1213
1211
1214
1215
1213
1216
1214
1217
1215
1218
1219
1217
1220
1218
1221
1219
1222
1223
1221
1224
1222
1225
1223
1226
1227
1225
1228
1226
1229
1227
1230
1231
1229
1232
1230
1233
1231
1234
1235
1233
1236
1234
1237
1235
1238
1239
1237
1240
1238
1241
1239
1242
1243
1241
1244
1242
1245
1243
1246
1247
1245
1248
1246
1249
1247
1250
1251
1249
1252
1250
1253
1251
1254
1255
1253
1256
1254
1257
1255
1258
1259
1257
1260
1258
1261
1259
1262
1263
1261
1264
1262
1265
1263
1266
1267
1265
1268
1266
1269
1267
1270
1271
1269
1272
1270
1273
1271
1274
1275
1273
1276
1274
1277
1275
1278
1279
1277
1280
1278
1281
1279
1282
1283
1281
1284
1282
1285
1283
1286
1287
1285
1288
1286
1289
1287
1290
1291
1289
1292
1290
1293
1291
1294
1295
1293
1296
1294
1297
1295
1298
1299
1297
1300
1298
1301
1299
1302
1303
1301
1304
1302
1305
1303
1306
1307
1305
1308
1306
1309
1307
1310
1311
1309
1312
1310
1313
1311
1314
1315
1313
1316
1314
1317
1315
1318
1319
1317
1320
1318
1321
1319
1322
1323
1321
1324
1322
1325
1323
1326
1327
1325
1328
1326
1329
1327
1330
1331
1329
1332
1330
1333
1331
1334
1335
1333
1336
1334
1337
1335
1338
1339
1337
1340
1338
1341
1339
1342
1343
1341
1344
1342
1345
1343
1346
1347
1345
1348
1346
1349
1347
1350
1351
1349
1352
1350
1353
1351
1354
1355
1353
1356
1354
1357
1355
1358
1359
1357
1360
1358
1361
1359
1362
1363
1361
1364
1362
1365
1363
1366
1367
1365
1368
1366
1369
1367
1370
1371
1369
1372
1370
1373
1371
1374
1375
1373
1376
1374
1377
1375
1378
1379
1377
1380
1378
1381
1379
1382
1383
1381
1384
1382
1385
1383
1386
1387
1385
1388
1386
1389
1387
1390
1391
1389
1392
1390
1393
1391
1394
1395
1393
1396
1394
1397
1395
1398
1399
1397
1400
1398
1401
1399
1402
1403
1401
1404
1402
1405
1403
1406
1407
1405
1408
1406
1409
1407
1410
1411
1409
1412
1410
1413
1411
1414
1415
1413
1416
1414
1417
1415
1418
1419
1417
1420
1418
1421
1419
1422
1423
1421
1424
1422
1425
1423
1426
1427
1425
1428
1426
1429
1427
1430
1431
1429
1432
1430
1433
1431
1434
1435
1433
1436
1434
1437
1435
1438
1439
1437
1440
1438
1441
1439
1442
1443
1441
1444
1442
1445
1443
1446
1447
1445
1448
1446
1449
1447
1450
1451
1449
1452
1450
1453
1451
1454
1455
1453
1456
1454
1457
1455
1458
1459
1457
1460
1458
1461
1459
1462
1463
1461
1464
1462
1465
1463
1466
1467
1465
1468
1466
1469
1467
1470
1471
1469
1472
1470
1473
1471
1474
1475
1473
1476
1474
1477
1475
1478
1479
1477
1480
1478
1481
1479
1482
1483
1481
1484
1482
1485
1483
1486
1487
1485
1488
1486
1489
1487
1490
1491
1489
1492
1490
1493
1491
1494
1495
1493
1496
1494
1497
1495
1498
1499
1497
1500
1498
1501
1499
1502
1503
1501
1504
1502
1505
1503
1506
1507
1505
1508
1506
1509
1507
1510
1511
1509
1512
1510
1513
1511
1514
1515
1513
1516
1514
1517
1515
1518
1519
1517
1520
1518
1521
1519
1522
1523
1521
1524
1522
1525
1523
1526
1527
1525
1528
1526
1529
1527
1530
1531
1529
1532
1530
1533
1531
1534
1535
1533
1536
1534
1537
1535
1538
1539
1537
1540
1538
1541
1539
1542
1543
1541
1544
1542
1545
1543
1546
1547
1545
1548
1546
1549
1547
1550
1551
1549
1552
1550
1553
1551
1554
1555
1553
1556
1554
1557
1555
1558
1559
1557
1560
1558
1561
1559
1562
1563
1561
1564
1562
1565
1563
1566
1567
1565
1568
1566
1569
1567
1570
1571
1569
1572
1570
1573
1571
1574
1575
1573
1576
1574
1577
1575
1578
1579
1577
1580
1578
1581
1579
1582
1583
1581
1584
1582
1585
1583
1586
1587
1585
1588
1586
1589
1587
1590
1591
1589
1592
1590
1593
1591
1594
1595
1593
1596
1594
1597
1595
1598
1599
1597
1600
1598
1601
1599
1602
1603
1601
1604
1602
1605
1603
1606
1607
1605
1608
1606
1609
1607
1610
1611
1609
1612
1610
1613
1611
1614
1615
1613
1616
1614
1617
1615
1618
1619
1617
1620
1618
1621
1619
1622
1623
1621
1624
1622
1625
1623
1626
1627
1625
1628
1626
1629
1627
1630
1631
1629
1632
1630
1633
1631
1634
1635
1633
1636
1634
1637
1635
1638
1639
1637
1640
1638
1641
1639
1642
1643
1641
1644
1642
1645
1643
1646
1647
1645
1648
1646
1649
1647
1650
1651
1649
1652
1650
1653
1651
1654
1655
1653
1656
1654
1657
1655
1658
1659
1657
1660
1658
1661
1659
1662
1663
1661
1664
1662
1665
1663
1666
1667
1665
1668
1666
1669
1667
1670
1671
1669
1672
1670
1673
1671
1674
1675
1673
1676
1674
1677
1675
1678
1679
1677
1680
1678
1681
1679
1682
1683
1681
1684
1682
1685
1683
1686
1687
1685
1688
1686
1689
1687
1690
1691
1689
1692
1690
1693
1691
1694
1695
1693
1696
1694
1697
1695
1698
1699
1697
1700
1698
1701
1699
1702
1703
1701
1704
1702
1705
1703
1706
1707
1705
1708
1706
1709
1707
1710
1711
1709
1712
1710
1713
1711
1714
1715
1713
1716
1714
1717
1715
1718
1719
1717
1720
1718
1721
1719
1722
1723
1721
1724
1722
1725
1723
1726
1727
1725
1728
1726
1729
1727
1730
1731
1729
1732
1730
1733
1731
1734
1735
1733
1736
1734
1737
1735
1738
1739
1737
1740
1738
1741
1739
1742
1743
1741
1744
1742
1745
1743
1746
1747
1745
1748
1746
1749
1747
1750
1751
1749
1752
1750
1753
1751
1754
1755
1753
1756
1754
1757
1755
1758
1759
1757
1760
1758
1761
1759
1762
1763
1761
1764
1762
1765
1763
1766
1767
1765
1768
1766
1769
1767
1770
1771
1769
1772
1770
1773
1771
1774
1775
1773
1776
1774
1777
1775
1778
1779
1777
1780
1778
1781
1779
1782
1783
1781
1784
1782
1785
1783
1786
1787
1785
1788
1786
1789
1787
1790
1791
1789
1792
1790
1793
1791
1794
1795
1793
1796
1794
1797
1795
1798
1799
1797
1800
1798
1801
1799
1802
1803
1801
1804
1802
1805
1803
1806
1807
1805
1808
1806
1809
1807
1810
1811
1809
1812
1810
1813
1811
1814
1815
1813
1816
1814
1817
1815
1818
1819
1817
1820
1818
1821
1819
1822
1823
1821
1824
1822
1825
1823
1826
1827
1825
1828
1826
1829
1827
1830
1831
1829
1832
1830
1833
1831
1834
1835
1833
1836
1834
1837
1835
1838
1839
1837
1840
1838
1841
1839
1842
1843
1841
1844
1842
1845
1843
1846
1847
1845
1848
1846
1849
1847
1850
1851
1849
1852
1850
1853
1851
1854
1855
1853
1856
1854
1857
1855
1858
1859
1857
1860
1858
1861
1859
1862
1863
1861
1864
1862
1865
1863
1866
1867
1865
1868
1866
1869
1867
1870
1871
1869
1872
1870
1873
1871
1874
1875
1873
1876
1874
1877
1875
1878
1879
1877
1880
1878
1881
1879
1882
1883
1881
1884
1882
1885
1883
1886
1887
1885
1888
1886
1889
1887
1890
1891
1889
1892
1890
1893
1891
1894
1895
1893
1896
1894
1897
1895
1898
1899
1897
1900
1898
1901
1899
1902
1903
1901
1904
1902
1905
1903
1906
1907
1905
1908
1906
1909
1907
1910
1911
1909
1912
1910
1913
1911
1914
1915
1913
1916
1914
1917
1915
1918
1919
1917
1920
1918
1921
1919
1922
1923
1921
1924
1922
1925
1923
1926
1927
1925
1928
1926
1929
1927
1930
1931
1929
1932
1930
1933
1931
1934
1935
1933
1936
1934
1937
1935
1938
1939
1937
1940
1938
1941
1939
1942
1943
1941
1944
1942
1945
1943
1946
1947
1945
1948
1946
1949
1947
1950
1951
1949
1952
1950
1953
1951
1954
1955
1953
1956
1954
1957
1955
1958
1959
1957
1960
1958
1961
1959
1962
1963
1961
1964
1962
1965
1963
1966
1967
1965
1968
1966
1969
1967
1970
1971
1969
1972
1970
1973
1971
1974
1975
1973
1976
1974
1977
1975
1978
1979
1977
1980
1978
1981
1979
1982
1983
1981
1984
1982
1985
1983
1986
1987
1985
1988
1986
1989
1987
1990
1991
1989
1992
1990
1993
1991
1994
1995
1993
1996
1994
1997
1995
1998
1999
1997
2000
1998
2001
1999
2002
2003
2001
2004
2002
2005
2003
2006
2007
2005
2008
2006
2009
2007
2010
2011
2009
2012
2010
2013
2011
2014
2015
2013
2016
2014
2017
2015
2018
2019
2017
2020
2018
2021
2019
2022
2023
2021
2024
2022
2025
2023
2026
2027
2025
2028
2026
2029
2027
2030
2031
2029
2032
2030
2033
2031
2034
2035
2033
2036
2034
2037
2035
2038
2039
2037
2040
2038
2041
2039
2042
2043
2041
2044
2042
2045
2043
2046
2047
2045
2048
2046
2049
2047
2050
2051
2049
2052
2050
2053
2051
2054
2055
2053
2056
2054
2057
2055
2058
2059
2057
2060
2058
2061
2059
2062
2063
2061
2064
2062
2065
2063
2066
2067
2065
2068
2066
2069
2067
2070
2071
2069
2072
2070
2073
2071
2074
2075
2073
2076
2074
2077
2075
2078
2079
2077
2080
2078
2081
2079
2082
2083
2081
2084
2082
2085
2083
2086
2087
2085
2088
2086
2089
2087
2090
2091
2089
2092
2090
2093
2091
2094
2095
2093
2096
2094
2097
2095
2098
2099
2097
2100
2098
2101
2099
2102
2103
2101
2104
2102
2105
2103
2106
2107
2105
2108
2106
2109
2107
2110
2111
2109
2112
2110
2113
2111
2114
2115
2113
2116
2114
2117
2115
2118
2119
2117
2120
2118
2121
2119
2122
2123
2121
2124
2122
2125
2123
2126
2127
2125
2128
2126
2129
2127
2130
2131
2129
2132
2130
2133
2131
2134
2135
2133
2136
2134
2137
2135
2138
2139
2137
2140
2138
2141
2139
2142
2143
2141
2144
2142
2145
2143
2146
2147
2145
2148
2146
2149
2147
2150
2151
2149
2152
2150
2153
2151
2154
2155
2153
2156
2154
2157
2155
2158
2159
2157
2160
2158
2161
2159
2162
2163
2161
2164
2162
2165
2163
2166
2167
2165
2168
2166
2169
2167
2170
2171
2169
2172
2170
2173
2171
2174
2175
2173
2176
2174
2177
2175
2178
2179
2177
2180
2178
2181
2179
2182
2183
2181
2184
2182
2185
2183
2186
2187
2185
2188
2186
2189
2187
2190
2191
2189
2192
2190
2193
2191
2194
2195
2193
2196
2194
2197
2195
2198
2199
2197
2200
2198
2201
2199
2202
2203
2201
2204
2202
2205
2203
2206
2207
2205
2208
2206
2209
2207
2210
2211
2209
2212
2210
2213
2211
2214
2215
2213
2216
2214
2217
2215
2218
2219
2217
2220
2218
2221
2219
2222
2223
2221
2224
2222
2225
2223
2226
2227
2225
2228
2226
2229
2227
2230
2231
2229
2232
2230
2233
2231
2234
2235
2233
2236
2234
2237
2235
2238
2239
2237
2240
2238
2241
2239
2242
2243
2241
2244
2242
2245
2243
2246
2247
2245
2248
2246
2249
2247
2250
2251
2249
2252
2250
2253
2251
2254
2255
2253
2256
2254
2257
2255
2258
2259
2257
2260
2258
2261
2259
2262
2263
2261
2264
2262
2265
2263
2266
2267
2265
2268
2266
2269
2267
2270
2271
2269
2272
2270
2273
2271
2274
2275
2273
2276
2274
2277
2275
2278
2279
2277
2280
2278
2281
2279
2282
2283
2281
2284
2282
2285
2283
2286
2287
2285
2288
2286
2289
2287
2290
2291
2289
2292
2290
2293
2291
2294
2295
2293
2296
2294
2297
2295
2298
2299
2297
2300
2298
2301
2299
2302
2303
2301
2304
2302
2305
2303
2306
2307
2305
2308
2306
2309
2307
2310
2311
2309
2312
2310
2313
2311
2314
2315
2313
2316
2314
2317
2315
2318
2319
2317
2320
2318
2321
2319
2322
2323
2321
2324
2322
2325
2323
2326
2327
2325
2328
2326
2329
2327
2330
2331
2329
2332
2330
2333
2331
2334
2335
2333
2336
2334
2337
2335
2338
2339
2337
2340
2338
2341
2339
2342
2343
2341
2344
2342
2345
2343
2346
2347
2345
2348
2346
2349
2347
2350
2351
2349
2352
2350
2353
2351
2354
2355
2353
2356
2354
2357
2355
2358
2359
2357
2360
2358
2361
2359
2362
2363
2361
2364
2362
2365
2363
2366
2367
2365
2368
2366
2369
2367
2370
2371
2369
2372
2370
2373
2371
2374
2375
2373
2376
2374
2377
2375
2378
2379
2377
2380
2378
2381
2379
2382
2383
2381
2384
2382
2385
2383
2386
2387
2385
2388
2386
2389
2387
2390
2391
2389
2392
2390
2393
2391
2394
2395
2393
2396
2394
2397
2395
2398
2399
2397
2400
2398
2401
2399
2402
2403
2401
2404
2402
2405
2403
2406
2407
2405
2408
2406
2409
2407
2410
2411
2409
2412
2410
2413
2411
2414
2415
2413
2416
2414
2417
2415
2418
2419
2417
2420
2418
2421
2419
2422
2423
2421
2424
2422
2425
2423
2426
2427
2425
2428
2426
2429
2427
2430
2431
2429
2432
2430
2433
2431
2434
2435
2433
2436
2434
2437
2435
2438
2439
2437
2440
2438
2441
2439
2442
2443
2441
2444
2442
2445
2443
2446
2447
2445
2448
2446
2449
2447
2450
2451
2449
2452
2450
2453
2451
2454
2455
2453
2456
2454
2457
2455
2458
2459
2457
2460
2458
2461
2459
2462
2463
2461
2464
2462
2465
2463
2466
2467
2465
2468
2466
2469
2467
2470
2471
2469
2472
2470
2473
2471
2474
2475
2473
2476
2474
2477
2475
2478
2479
2477
2480
2478
2481
2479
2482
2483
2481
2484
2482
2485
2483
2486
2487
2485
2488
2486
2489
2487
2490
2491
2489
2492
2490
2493
2491
2494
2495
2493
2496
2494
2497
2495
2498
2499
2497
2500
2498
2501
2499
2502
2503
2501
2504
2502
2505
2503
2506
2507
2505
2508
2506
2509
2507
2510
2511
2509
2512
2510
2513
2511
2514
2515
2513
2516
2514
2517
2515
2518
2519
2517
2520
2518
2521
2519
2522
2523
2521
2524
2522
2525
2523
2526
2527
2525
2528
2526
2529
2527
2530
2531
2529
2532
2530
2533
2531
2534
2535
2533
2536
2534
2537
2535
2538
2539
2537
2540
2538
2541
2539
2542
2543
2541
2544
2542
2545
2543
2546
2547
2545
2548
2546
2549
2547
2550
2551
2549
2552
2550
2553
2551
2554
2555
2553
2556
2554
2557
2555
2558
2559
2557
2560
2558
2561
2559
2562
2563
2561
2564
2562
2565
2563
2566
2567
2565
2568
2566
2569
2567
2570
2571
2569
2572
2570
2573
2571
2574
2575
2573
2576
2574
2577
2575
2578
2579
2577
2580
2578
2581
2579
2582
2583
2581
2584
2582
2585
2583
2586
2587
2585
2588
2586
2589
2587
2590
2591
2589
2592
2590
2593
2591
2594
2595
2593
2596
2594
2597
2595
2598
2599
2597
2600
2598
2601
2599
2602
2603
2601
2604
2602
2605
2603
2606
2607
2605
2608
2606
2609
2607
2610
2611
2609
2612
2610
2613
2611
2614
2615
2613
2616
2614
2617
2615
2618
2619
2617
2620
2618
2621
2619
2622
2623
2621
2624
2622
2625
2623
2626
2627
2625
2628
2626
2629
2627
2630
2631
2629
2632
2630
2633
2631
2634
2635
2633
2636
2634
2637
2635
2638
2639
2637
2640
2638
2641
2639
2642
2643
2641
2644
2642
2645
2643
2646
2647
2645
2648
2646
2649
2647
2650
2651
2649
2652
2650
2653
2651
2654
2655
2653
2656
2654
2657
2655
2658
2659
2657
2660
2658
2661
2659
2662
2663
2661
2664
2662
2665
2663
2666
2667
2665
2668
2666
2669
2667
2670
2671
2669
2672
2670
2673
2671
2674
2675
2673
2676
2674
2677
2675
2678
2679
2677
2680
2678
2681
2679
2682
2683
2681
2684
2682
2685
2683
2686
2687
2685
2688
2686
2689
2687
2690
2691
2689
2692
2690
2693
2691
2694
2695
2693
2696
2694
2697
2695
2698
2699
2697
2700
2698
2701
2699
2702
2703
2701
2704
2702
2705
2703
2706
2707
2705
2708
2706
2709
2707
2710
2711
2709
2712
2710
2713
2711
2714
2715
2713
2716
2714
2717
2715
2718
2719
2717
2720
2718
2721
2719
2722
2723
2721
2724
2722
2725
2723
2726
2727
2725
2728
2726
2729
2727
2730
2731
2729
2732
2730
2733
2731
2734
2735
2733
2736
2734
2737
2735
2738
2739
2737
2740
2738
2741
2739
2742
2743
2741
2744
2742
2745
2743
2746
2747
2745
2748
2746
2749
2747
2750
2751
2749
2752
2750
2753
2751
2754
2755
2753
2756
2754
2757
2755
2758
2759
2757
2760
2758
2761
2759
2762
2763
2761
2764
2762
2765
2763
2766
2767
2765
2768
2766
2769
2767
2770
2771
2769
2772
2770
2773
2771
2774
2775
2773
2776
2774
2777
2775
2778
2779
2777
2780
2778
2781
2779
2782
2783
2781
2784
2782
2785
2783
2786
2787
2785
2788
2786
2789
2787
2790
2791
2789
2792
2790
2793
2791
2794
2795
2793
2796
2794
2797
2795
2798
2799
2797
2800
2798
2801
2799
2802
2803
2801
2804
2802
2805
2803
2806
2807
2805
2808
2806
2809
2807
2810
2811
2809
2812
2810
2813
2811
2814
2815
2813
2816
2814
2817
2815
2818
2819
2817
2820
2818
2821
2819
2822
2823
2821
2824
2822
2825
2823
2826
2827
2825
2828
2826
2829
2827
2830
2831
2829
2832
2830
2833
2831
2834
2835
2833
2836
2834
2837
2835
2838
2839
2837
2840
2838
2841
2839
2842
2843
2841
2844
2842
2845
2843
2846
2847
2845
2848
2846
2849
2847
2850
2851
2849
2852
2850
2853
2851
2854
2855
2853
2856
2854
2857
2855
2858
2859
2857
2860
2858
2861
2859
2862
2863
2861
2864
2862
2865
2863
2866
2867
2865
2868
2866
2869
2867
2870
2871
2869
2872
2870
2873
2871
2874
2875
2873
2876
2874
2877
2875
2878
2879
2877
2880
2878
2881
2879
2882
2883
2881
2884
2882
2885
2883
2886
2887
2885
2888
2886
2889
2887
2890
2891
2889
2892
2890
2893
2891
2894
2895
2893
2896
2894
2897
2895
2898
2899
2897
2900
2898
2901
2899
2902
2903
2901
2904
2902
2905
2903
2906
2907
2905
2908
2906
2909
2907
2910
2911
2909
2912
2910
2913
2911
2914
2915
2913
2916
2914
2917
2915
2918
2919
2917
2920
2918
2921
2919
2922
2923
2921
2924
2922
2925
2923
2926
2927
2925
2928
2926
2929
2927
2930
2931
2929
2932
2930
2933
2931
2934
2935
2933
2936
2934
2937
2935
2938
2939
2937
2940
2938
2941
2939
2942
2943
2941
2944
2942
2945
2943
2946
2947
2945
2948
2946
2949
2947
2950
2951
2949
2952
2950
2953
2951
2954
2955
2953
2956
2954
2957
2955
2958
2959
2957
2960
2958
2961
2959
2962
2963
2961
2964
2962
2965
2963
2966
2967
2965
2968
2966
2969
2967
2970
2971
2969
2972
2970
2973
2971
2974
2975
2973
2976
2974
2977
2975
2978
2979
2977
2980
2978
2981
2979
2982
2983
2981
2984
2982
2985
2983
2986
2987
2985
2988
2986
2989
2987
2990
2991
2989
2992
2990
2993
2991
2994
2995
2993
2996
2994
2997
2995
2998
2999
2997
3000
2998
3001
2999
3002
3003
3001
3004
3002
3005
3003
3006
3007
3005
3008
3006
3009
3007
3010
3011
3009
3012
3010
3013
3011
3014
3015
3013
3016
3014
3017
3015
3018
3019
3017
3020
3018
3021
3019
3022
3023
3021
3024
3022
3025
3023
3026
3027
3025
3028
3026
3029
3027
3030
3031
3029
3032
3030
3033
3031
3034
3035
3033
3036
3034
3037
3035
3038
3039
3037
3040
3038
3041
3039
3042
3043
3041
3044
3042
3045
3043
3046
3047
3045
3048
3046
3049
3047
3050
3051
3049
3052
3050
3053
3051
3054
3055
3053
3056
3054
3057
3055
3058
3059
3057
3060
3058
3061
3059
3062
3063
3061
3064
3062
3065
3063
3066
3067
3065
3068
3066
3069
3067
3070
3071
3069
3072
3070
3073
3071
3074
3075
3073
3076
3074
3077
3075
3078
3079
3077
3080
3078
3081
3079
3082
3083
3081
3084
3082
3085
3083
3086
3087
3085
3088
3086
3089
3087
3090
3091
3089
3092
3090
3093
3091
3094
3095
3093
3096
3094
3097
3095
3098
3099
3097
3100
3098
3101
3099
3102
3103
3101
3104
3102
3105
3103
3106
3107
3105
3108
3106
3109
3107
3110
3111
3109
3112
3110
3113
3111
3114
3115
3113
3116
3114
3117
3115
3118
3119
3117
3120
3118
3121
3119
3122
3123
3121
3124
3122
3125
3123
3126
3127
3125
3128
3126
3129
3127
3130
3131
3129
3132
3130
3133
3131
3134
3135
3133
3136
3134
3137
3135
3138
3139
3137
3140
3138
3141
3139
3142
3143
3141
3144
3142
3145
3143
3146
3147
3145
3148
3146
3149
3147
3150
3151
3149
3152
3150
3153
3151
3154
3155
3153
3156
3154
3157
3155
3158
3159
3157
3160
3158
3161
3159
3162
3163
3161
3164
3162
3165
3163
3166
3167
3165
3168
3166
3169
3167
3170
3171
3169
3172
3170
3173
3171
3174
3175
3173
3176
3174
3177
3175
3178
3179
3177
3180
3178
3181
3179
3182
3183
3181
3184
3182
3185
3183
3186
3187
3185
3188
3186
3189
3187
3190
3191
3189
3192
3190
3193
3191
3194
3195
3193
3196
3194
3197
3195
3198
3199
3197
3200
3198
3201
3199
3202
3203
3201
3204
3202
3205
3203
3206
3207
3205
3208
3206
3209
3207
3210
3211
3209
3212
3210
3213
3211
3214
3215
3213
3216
3214
3217
3215
3218
3219
3217
3220
3218
3221
3219
3222
3223
3221
3224
3222
3225
3223
3226
3227
3225
3228
3226
3229
3227
3230
3231
3229
3232
3230
3233
3231
3234
3235
3233
3236
3234
3237
3235
3238
3239
3237
3240
3238
3241
3239
3242
3243
3241
3244
3242
3245
3243
3246
3247
3245
3248
3246
3249
3247
3250
3251
3249
3252
3250
3253
3251
3254
3255
3253
3256
3254
3257
3255
3258
3259
3257
3260
3258
3261
3259
3262
3263
3261
3264
3262
3265
3263
3266
3267
3265
3268
3266
3269
3267
3270
3271
3269
3272
3270
3273
3271
3274
3275
3273
3276
3274
3277
3275
3278
3279
3277
3280
3278
3281
3279
3282
3283
3281
3284
3282
3285
3283
3286
3287
3285
3288
3286
3289
3287
3290
3291
3289
3292
3290
3293
3291
3294
3295
3293
3296
3294
3297
3295
3298
3299
3297
3300
3298
3301
3299
3302
3303
3301
3304
3302
3305
3303
3306
3307
3305
3308
3306
3309
3307
3310
3311
3309
3312
3310
3313
3311
3314
3315
3313
3316
3314
3317
3315
3318
3319
3317
3320
3318
3321
3319
3322
3323
3321
3324
3322
3325
3323
3326
3327
3325
3328
3326
3329
3327
3330
3331
3329
3332
3330
3333
3331
3334
3335
3333
3336
3334
3337
3335
3338
3339
3337
3340
3338
3341
3339
3342
3343
3341
3344
3342
3345
3343
3346
3347
3345
3348
3346
3349
3347
3350
3351
3349
3352
3350
3353
3351
3354
3355
3353
3356
3354
3357
3355
3358
3359
3357
3360
3358
3361
3359
3362
3363
3361
3364
3362
3365
3363
3366
3367
3365
3368
3366
3369
3367
3370
3371
3369
3372
3370
3373
3371
3374
3375
3373
3376
3374
3377
3375
3378
3379
3377
3380
3378
3381
3379
3382
3383
3381
3384
3382
3385
3383
3386
3387
3385
3388
3386
3389
3387
3390
3391
3389
3392
3390
3393
3391
3394
3395
3393
3396
3394
3397
3395
3398
3399
3397
3400
3398
3401
3399
3402
3403
3401
3404
3402
3405
3403
3406
3407
3405
3408
3406
3409
3407
3410
3411
3409
3412
3410
3413
3411
3414
3415
3413
3416
3414
3417
3415
3418
3419
3417
3420
3418
3421
3419
3422
3423
3421
3424
3422
3425
3423
3426
3427
3425
3428
3426
3429
3427
3430
3431
3429
3432
3430
3433
3431
3434
3435
3433
3436
3434
3437
3435
3438
3439
3437
3440
3438
3441
3439
3442
3443
3441
3444
3442
3445
3443
3446
3447
3445
3448
3446
3449
3447
3450
3451
3449
3452
3450
3453
3451
3454
3455
3453
3456
3454
3457
3455
3458
3459
3457
3460
3458
3461
3459
3462
3463
3461
3464
3462
3465
3463
3466
3467
3465
3468
3466
3469
3467
3470
3471
3469
3472
3470
3473
3471
3474
3475
3473
3476
3474
3477
3475
3478
3479
3477
3480
3478
3481
3479
3482
3483
3481
3484
3482
3485
3483
3486
3487
3485
3488
3486
3489
3487
3490
3491
3489
3492
3490
3493
3491
3494
3495
3493
3496
3494
3497
3495
3498
3499
3497
3500
3498
3501
3499
3502
3503
3501
3504
3502
3505
3503
3506
3507
3505
3508
3506
3509
3507
3510
3511
3509
3512
3510
3513
3511
3514
3515
3513
3516
3514
3517
3515
3518
3519
3517
3520
3518
3521
3519
3522
3523
3521
3524
3522
3525
3523
3526
3527
3525
3528
3526
3529
3527
3530
3531
3529
3532
3530
3533
3531
3534
3535
3533
3536
3534
3537
3535
3538
3539
3537
3540
3538
3541
3539
3542
3543
3541
3544
3542
3545
3543
3546
3547
3545
3548
3546
3549
3547
3550
3551
3549
3552
3550
3553
3551
3554
3555
3553
3556
3554
3557
3555
3558
3559
3557
3560
3558
3561
3559
3562
3563
3561
3564
3562
3565
3563
3566
3567
3565
3568
3566
3569
3567
3570
3571
3569
3572
3570
3573
3571
3574
3575
3573
3576
3574
3577
3575
3578
3579
3577
3580
3578
3581
3579
3582
3583
3581
3584
3582
3585
3583
3586
3587
3585
3588
3586
3589
3587
3590
3591
3589
3592
3590
3593
3591
3594
3595
3593
3596
3594
3597
3595
3598
3599
3597
3600
3598
3601
3599
3602
3603
3601
3604
3602
3605
3603
3606
3607
3605
3608
3606
3609
3607
3610
3611
3609
3612
3610
3613
3611
3614
3615
3613
3616
3614
3617
3615
3618
3619
3617
3620
3618
3621
3619
3622
3623
3621
3624
3622
3625
3623
3626
3627
3625
3628
3626
3629
3627
3630
3631
3629
3632
3630
3633
3631
3634
3635
3633
3636
3634
3637
3635
3638
3639
3637
3640
3638
3641
3639
3642
3643
3641
3644
3642
3645
3643
3646
3647
3645
3648
3646
3649
3647
3650
3651
3649
3652
3650
3653
3651
3654
3655
3653
3656
3654
3657
3655
3658
3659
3657
3660
3658
3661
3659
3662
3663
3661
3664
3662
3665
3663
3666
3667
3665
3668
3666
3669
3667
3670
3671
3669
3672
3670
3673
3671
3674
3675
3673
3676
3674
3677
3675
3678
3679
3677
3680
3678
3681
3679
3682
3683
3681
3684
3682
3685
3683
3686
3687
3685
3688
3686
3689
3687
3690
3691
3689
3692
3690
3693
3691
3694
3695
3693
3696
3694
3697
3695
3698
3699
3697
3700
3698
3701
3699
3702
3703
3701
3704
3702
3705
3703
3706
3707
3705
3708
3706
3709
3707
3710
3711
3709
3712
3710
3713
3711
3714
3715
3713
3716
3714
3717
3715
3718
3719
3717
3720
3718
3721
3719
3722
3723
3721
3724
3722
3725
3723
3726
3727
3725
3728
3726
3729
3727
3730
3731
3729
3732
3730
3733
3731
3734
3735
3733
3736
3734
3737
3735
3738
3739
3737
3740
3738
3741
3739
3742
3743
3741
3744
3742
3745
3743
3746
3747
3745
3748
3746
3749
3747
3750
3751
3749
3752
3750
3753
3751
3754
3755
3753
3756
3754
3757
3755
3758
3759
3757
3760
3758
3761
3759
3762
3763
3761
3764
3762
3765
3763
3766
3767
3765
3768
3766
3769
3767
3770
3771
3769
3772
3770
3773
3771
3774
3775
3773
3776
3774
3777
3775
3778
3779
3777
3780
3778
3781
3779
3782
3783
3781
3784
3782
3785
3783
3786
3787
3785
3788
3786
3789
3787
3790
3791
3789
3792
3790
3793
3791
3794
3795
3793
3796
3794
3797
3795
3798
3799
3797
3800
3798
3801
3799
3802
3803
3801
3804
3802
3805
3803
3806
3807
3805
3808
3806
3809
3807
3810
3811
3809
3812
3810
3813
3811
3814
3815
3813
3816
3814
3817
3815
3818
3819
3817
3820
3818
3821
3819
3822
3823
3821
3824
3822
3825
3823
3826
3827
3825
3828
3826
3829
3827
3830
3831
3829
3832
3830
3833
3831
3834
3835
3833
3836
3834
3837
3835
3838
3839
3837
3840
3838
3841
3839
3842
3843
3841
3844
3842
3845
3843
3846
3847
3845
3848
3846
3849
3847
3850
3851
3849
3852
3850
3853
3851
3854
3855
3853
3856
3854
3857
3855
3858
3859
3857
3860
3858
3861
3859
3862
3863
3861
3864
3862
3865
3863
3866
3867
3865
3868
3866
3869
3867
3870
3871
3869
3872
3870
3873
3871
3874
3875
3873
3876
3874
3877
3875
3878
3879
3877
3880
3878
3881
3879
3882
3883
3881
3884
3882
3885
3883
3886
3887
3885
3888
3886
3889
3887
3890
3891
3889
3892
3890
3893
3891
3894
3895
3893
3896
3894
3897
3895
3898
3899
3897
3900
3898
3901
3899
3902
3903
3901
3904
3902
3905
3903
3906
3907
3905
3908
3906
3909
3907
3910
3911
3909
3912
3910
3913
3911
3914
3915
3913
3916
3914
3917
3915
3918
3919
3917
3920
3918
3921
3919
3922
3923
3921
3924
3922
3925
3923
3926
3927
3925
3928
3926
3929
3927
3930
3931
3929
3932
3930
3933
3931
3934
3935
3933
3936
3934
3937
3935
3938
3939
3937
3940
3938
3941
3939
3942
3943
3941
3944
3942
3945
3943
3946
3947
3945
3948
3946
3949
3947
3950
3951
3949
3952
3950
3953
3951
3954
3955
3953
3956
3954
3957
3955
3958
3959
3957
3960
3958
3961
3959
3962
3963
3961
3964
3962
3965
3963
3966
3967
3965
3968
3966
3969
3967
3970
3971
3969
3972
3970
3973
3971
3974
3975
3973
3976
3974
3977
3975
3978
3979
3977
3980
3978
3981
3979
3982
3983
3981
3984
3982
3985
3983
3986
3987
3985
3988
3986
3989
3987
3990
3991
3989
3992
3990
3993
3991
3994
3995
3993
3996
3994
3997
3995
3998
3999
3997
4000
3998
4001
3999
4002
4003
4001
4004
4002
4005
4003
4006
4007
4005
4008
4006
4009
4007
4010
4011
4009
4012
4010
4013
4011
4014
4015
4013
4016
4014
4017
4015
4018
4019
4017
4020
4018
4021
4019
4022
4023
4021
4024
4022
4025
4023
4026
4027
4025
4028
4026
4029
4027
4030
4031
4029
4032
4030
4033
4031
4034
4035
4033
4036
4034
4037
4035
4038
4039
4037
4040
4038
4041
4039
4042
4043
4041
4044
4042
4045
4043
4046
4047
4045
4048
4046
4049
4047
4050
4051
4049
4052
4050
4053
4051
4054
4055
4053
4056
4054
4057
4055
4058
4059
4057
4060
4058
4061
4059
4062
4063
4061
4064
4062
4065
4063
4066
4067
4065
4068
4066
4069
4067
4070
4071
4069
4072
4070
4073
4071
4074
4075
4073
4076
4074
4077
4075
4078
4079
4077
4080
4078
4081
4079
4082
4083
4081
4084
4082
4085
4083
4086
4087
4085
4088
4086
4089
4087
4090
4091
4089
4092
4090
4093
4091
4094
4095
4093
4096
4094
4097
4095
4098
4099
4097
4100
4098
4101
4099
4102
4103
4101
4104
4102
4105
4103
4106
4107
4105
4108
4106
4109
4107
4110
4111
4109
4112
4110
4113
4111
4114
4115
4113
4116
4114
4117
4115
4118
4119
4117
4120
4118
4121
4119
4122
4123
4121
4124
4122
4125
4123
4126
4127
4125
4128
4126
4129
4127
4130
4131
4129
4132
4130
4133
4131
4134
4135
4133
4136
4134
4137
4135
4138
4139
4137
4140
4138
4141
4139
4142
4143
4141
4144
4142
4145
4143
4146
4147
4145
4148
4146
4149
4147
4150
4151
4149
4152
4150
4153
4151
4154
4155
4153
4156
4154
4157
4155
4158
4159
4157
4160
4158
4161
4159
4162
4163
4161
4164
4162
4165
4163
4166
4167
4165
4168
4166
4169
4167
4170
4171
4169
4172
4170
4173
4171
4174
4175
4173
4176
4174
4177
4175
4178
4179
4177
4180
4178
4181
4179
4182
4183
4181
4184
4182
4185
4183
4186
4187
4185
4188
4186
4189
4187
4190
4191
4189
4192
4190
4193
4191
4194
4195
4193
4196
4194
4197
4195
4198
4199
4197
4200
4198
4201
4199
4202
4203
4201
4204
4202
4205
4203
4206
4207
4205
4208
4206
4209
4207
4210
4211
4209
4212
4210
4213
4211
4214
4215
4213
4216
4214
4217
4215
4218
4219
4217
4220
4218
4221
4219
4222
4223
4221
4224
4222
4225
4223
4226
4227
4225
4228
4226
4229
4227
4230
4231
4229
4232
4230
4233
4231
4234
4235
4233
4236
4234
4237
4235
4238
4239
4237
4240
4238
4241
4239
4242
4243
4241
4244
4242
4245
4243
4246
4247
4245
4248
4246
4249
4247
4250
4251
4249
4252
4250
4253
4251
4254
4255
4253
4256
4254
4257
4255
4258
4259
4257
4260
4258
4261
4259
4262
4263
4261
4264
4262
4265
4263
4266
4267
4265
4268
4266
4269
4267
4270
4271
4269
4272
4270
4273
4271
4274
4275
4273
4276
4274
4277
4275
4278
4279
4277
4280
4278
4281
4279
4282
4283
4281
4284
4282
4285
4283
4286
4287
4285
4288
4286
4289
4287
4290
4291
4289
4292
4290
4293
4291
4294
4295
4293
4296
4294
4297
4295
4298
4299
4297
4300
4298
4301
4299
4302
4303
4301
4304
4302
4305
4303
4306
4307
4305
4308
4306
4309
4307
4310
4311
4309
4312
4310
4313
4311
4314
4315
4313
4316
4314
4317
4315
4318
4319
4317
4320
4318
4321
4319
4322
4323
4321
4324
4322
4325
4323
4326
4327
4325
4328
4326
4329
4327
4330
4331
4329
4332
4330
4333
4331
4334
4335
4333
4336
4334
4337
4335
4338
4339
4337
4340
4338
4341
4339
4342
4343
4341
4344
4342
4345
4343
4346
4347
4345
4348
4346
4349
4347
4350
4351
4349
4352
4350
4353
4351
4354
4355
4353
4356
4354
4357
4355
4358
4359
4357
4360
4358
4361
4359
4362
4363
4361
4364
4362
4365
4363
4366
4367
4365
4368
4366
4369
4367
4370
4371
4369
4372
4370
4373
4371
4374
4375
4373
4376
4374
4377
4375
4378
4379
4377
4380
4378
4381
4379
4382
4383
4381
4384
4382
4385
4383
4386
4387
4385
4388
4386
4389
4387
4390
4391
4389
4392
4390
4393
4391
4394
4395
4393
4396
4394
4397
4395
4398
4399
4397
4400
4398
4401
4399
4402
4403
4401
4404
4402
4405
4403
4406
4407
4405
4408
4406
4409
4407
4410
4411
4409
4412
4410
4413
4411
4414
4415
4413
4416
4414
4417
4415
4418
4419
4417
4420
4418
4421
4419
4422
4423
4421
4424
4422
4425
4423
4426
4427
4425
4428
4426
4429
4427
4430
4431
4429
4432
4430
4433
4431
4434
4435
4433
4436
4434
4437
4435
4438
4439
4437
4440
4438
4441
4439
4442
4443
4441
4444
4442
4445
4443
4446
4447
4445
4448
4446
4449
4447
4450
4451
4449
4452
4450
4453
4451
4454
4455
4453
4456
4454
4457
4455
4458
4459
4457
4460
4458
4461
4459
4462
4463
4461
4464
4462
4465
4463
4466
4467
4465
4468
4466
4469
4467
4470
4471
4469
4472
4470
4473
4471
4474
4475
4473
4476
4474
4477
4475
4478
4479
4477
4480
4478
4481
4479
4482
4483
4481
4484
4482
4485
4483
4486
4487
4485
4488
4486
4489
4487
4490
4491
4489
4492
4490
4493
4491
4494
4495
4493
4496
4494
4497
4495
4498
4499
4497
4500
4498
4501
4499
4502
4503
4501
4504
4502
4505
4503
4506
4507
4505
4508
4506
4509
4507
4510
4511
4509
4512
4510
4513
4511
4514
4515
4513
4516
4514
4517
4515
4518
4519
4517
4520
4518
4521
4519
4522
4523
4521
4524
4522
4525
4523
4526
4527
4525
4528
4526
4529
4527
4530
4531
4529
4532
4530
4533
4531
4534
4535
4533
4536
4534
4537
4535
4538
4539
4537
4540
4538
4541
4539
4542
4543
4541
4544
4542
4545
4543
4546
4547
4545
4548
4546
4549
4547
4550
4551
4549
4552
4550
4553
4551
4554
4555
4553
4556
4554
4557
4555
4558
4559
4557
4560
4558
4561
4559
4562
4563
4561
4564
4562
4565
4563
4566
4567
4565
4568
4566
4569
4567
4570
4571
4569
4572
4570
4573
4571
4574
4575
4573
4576
4574
4577
4575
4578
4579
4577
4580
4578
4581
4579
4582
4583
4581
4584
4582
4585
4583
4586
4587
4585
4588
4586
4589
4587
4590
4591
4589
4592
4590
4593
4591
4594
4595
4593
4596
4594
4597
4595
4598
4599
4597
4600
4598
4601
4599
4602
4603
4601
4604
4602
4605
4603
4606
4607
4605
4608
4606
4609
4607
4610
4611
4609
4612
4610
4613
4611
4614
4615
4613
4616
4614
4617
4615
4618
4619
4617
4620
4618
4621
4619
4622
4623
4621
4624
4622
4625
4623
4626
4627
4625
4628
4626
4629
4627
4630
4631
4629
4632
4630
4633
4631
4634
4635
4633
4636
4634
4637
4635
4638
4639
4637
4640
4638
4641
4639
4642
4643
4641
4644
4642
4645
4643
4646
4647
4645
4648
4646
4649
4647
4650
4651
4649
4652
4650
4653
4651
4654
4655
4653
4656
4654
4657
4655
4658
4659
4657
4660
4658
4661
4659
4662
4663
4661
4664
4662
4665
4663
4666
4667
4665
4668
4666
4669
4667
4670
4671
4669
4672
4670
4673
4671
4674
4675
4673
4676
4674
4677
4675
4678
4679
4677
4680
4678
4681
4679
4682
4683
4681
4684
4682
4685
4683
4686
4687
4685
4688
4686
4689
4687
4690
4691
4689
4692
4690
4693
4691
4694
4695
4693
4696
4694
4697
4695
4698
4699
4697
4700
4698
4701
4699
4702
4703
4701
4704
4702
4705
4703
4706
4707
4705
4708
4706
4709
4707
4710
4711
4709
4712
4710
4713
4711
4714
4715
4713
4716
4714
4717
4715
4718
4719
4717
4720
4718
4721
4719
4722
4723
4721
4724
4722
4725
4723
4726
4727
4725
4728
4726
4729
4727
4730
4731
4729
4732
4730
4733
4731
4734
4735
4733
4736
4734
4737
4735
4738
4739
4737
4740
4738
4741
4739
4742
4743
4741
4744
4742
4745
4743
4746
4747
4745
4748
4746
4749
4747
4750
4751
4749
4752
4750
4753
4751
4754
4755
4753
4756
4754
4757
4755
4758
4759
4757
4760
4758
4761
4759
4762
4763
4761
4764
4762
4765
4763
4766
4767
4765
4768
4766
4769
4767
4770
4771
4769
4772
4770
4773
4771
4774
4775
4773
4776
4774
4777
4775
4778
4779
4777
4780
4778
4781
4779
4782
4783
4781
4784
4782
4785
4783
4786
4787
4785
4788
4786
4789
4787
4790
4791
4789
4792
4790
4793
4791
4794
4795
4793
4796
4794
4797
4795
4798
4799
4797
4800
4798
4801
4799
4802
4803
4801
4804
4802
4805
4803
4806
4807
4805
4808
4806
4809
4807
4810
4811
4809
4812
4810
4813
4811
4814
4815
4813
4816
4814
4817
4815
4818
4819
4817
4820
4818
4821
4819
4822
4823
4821
4824
4822
4825
4823
4826
4827
4825
4828
4826
4829
4827
4830
4831
4829
4832
4830
4833
4831
4834
4835
4833
4836
4834
4837
4835
4838
4839
4837
4840
4838
4841
4839
4842
4843
4841
4844
4842
4845
4843
4846
4847
4845
4848
4846
4849
4847
4850
4851
4849
4852
4850
4853
4851
4854
4855
4853
4856
4854
4857
4855
4858
4859
4857
4860
4858
4861
4859
4862
4863
4861
4864
4862
4865
4863
4866
4867
4865
4868
4866
4869
4867
4870
4871
4869
4872
4870
4873
4871
4874
4875
4873
4876
4874
4877
4875
4878
4879
4877
4880
4878
4881
4879
4882
4883
4881
4884
4882
4885
4883
4886
4887
4885
4888
4886
4889
4887
4890
4891
4889
4892
4890
4893
4891
4894
4895
4893
4896
4894
4897
4895
4898
4899
4897
4900
4898
4901
4899
4902
4903
4901
4904
4902
4905
4903
4906
4907
4905
4908
4906
4909
4907
4910
4911
4909
4912
4910
4913
4911
4914
4915
4913
4916
4914
4917
4915
4918
4919
4917
4920
4918
4921
4919
4922
4923
4921
4924
4922
4925
4923
4926
4927
4925
4928
4926
4929
4927
4930
4931
4929
4932
4930
4933
4931
4934
4935
4933
4936
4934
4937
4935
4938
4939
4937
4940
4938
4941
4939
4942
4943
4941
4944
4942
4945
4943
4946
4947
4945
4948
4946
4949
4947
4950
4951
4949
4952
4950
4953
4951
4954
4955
4953
4956
4954
4957
4955
4958
4959
4957
4960
4958
4961
4959
4962
4963
4961
4964
4962
4965
4963
4966
4967
4965
4968
4966
4969
4967
4970
4971
4969
4972
4970
4973
4971
4974
4975
4973
4976
4974
4977
4975
4978
4979
4977
4980
4978
4981
4979
4982
4983
4981
4984
4982
4985
4983
4986
4987
4985
4988
4986
4989
4987
4990
4991
4989
4992
4990
4993
4991
4994
4995
4993
4996
4994
4997
4995
4998
4999
4997
5000
4998
5001
4999
5002
5003
5001
5004
5002
5005
5003
5006
5007
5005
5008
5006
5009
5007
5010
5011
5009
5012
5010
5013
5011
5014
5015
5013
5016
5014
5017
5015
5018
5019
5017
5020
5018
5021
5019
5022
5023
5021
5024
5022
5025
5023
5026
5027
5025
5028
5026
5029
5027
5030
5031
5029
5032
5030
5033
5031
5034
5035
5033
5036
5034
5037
5035
5038
5039
5037
5040
5038
5041
5039
5042
5043
5041
5044
5042
5045
5043
5046
5047
5045
5048
5046
5049
5047
5050
5051
5049
5052
5050
5053
5051
5054
5055
5053
5056
5054
5057
5055
5058
5059
5057
5060
5058
5061
5059
5062
5063
5061
5064
5062
5065
5063
5066
5067
5065
5068
5066
5069
5067
5070
5071
5069
5072
5070
5073
5071
5074
5075
5073
5076
5074
5077
5075
5078
5079
5077
5080
5078
5081
5079
5082
5083
5081
5084
5082
5085
5083
5086
5087
5085
5088
5086
5089
5087
5090
5091
5089
5092
5090
5093
5091
5094
5095
5093
5096
5094
5097
5095
5098
5099
5097
5100
5098
5101
5099
5102
5103
5101
5104
5102
5105
5103
5106
5107
5105
5108
5106
5109
5107
5110
5111
5109
5112
5110
5113
5111
5114
5115
5113
5116
5114
5117
5115
5118
5119
5117
5120
5118
5121
5119
5122
5123
5121
5124
5122
5125
5123
5126
5127
5125
5128
5126
5129
5127
5130
5131
5129
5132
5130
5133
5131
5134
5135
5133
5136
5134
5137
5135
5138
5139
5137
5140
5138
5141
5139
5142
5143
5141
5144
5142
5145
5143
5146
5147
5145
5148
5146
5149
5147
5150
5151
5149
5152
5150
5153
5151
5154
5155
5153
5156
5154
5157
5155
5158
5159
5157
5160
5158
5161
5159
5162
5163
5161
5164
5162
5165
5163
5166
5167
5165
5168
5166
5169
5167
5170
5171
5169
5172
5170
5173
5171
5174
5175
5173
5176
5174
5177
5175
5178
5179
5177
5180
5178
5181
5179
5182
5183
5181
5184
5182
5185
5183
5186
5187
5185
5188
5186
5189
5187
5190
5191
5189
5192
5190
5193
5191
5194
5195
5193
5196
5194
5197
5195
5198
5199
5197
5200
5198
5201
5199
5202
5203
5201
5204
5202
5205
5203
5206
5207
5205
5208
5206
5209
5207
5210
5211
5209
5212
5210
5213
5211
5214
5215
5213
5216
5214
5217
5215
5218
5219
5217
5220
5218
5221
5219
5222
5223
5221
5224
5222
5225
5223
5226
5227
5225
5228
5226
5229
5227
5230
5231
5229
5232
5230
5233
5231
5234
5235
5233
5236
5234
5237
5235
5238
5239
5237
5240
5238
5241
5239
5242
5243
5241
5244
5242
5245
5243
5246
5247
5245
5248
5246
5249
5247
5250
5251
5249
5252
5250
5253
5251
5254
5255
5253
5256
5254
5257
5255
5258
5259
5257
5260
5258
5261
5259
5262
5263
5261
5264
5262
5265
5263
5266
5267
5265
5268
5266
5269
5267
5270
5271
5269
5272
5270
5273
5271
5274
5275
5273
5276
5274
5277
5275
5278
5279
5277
5280
5278
5281
5279
5282
5283
5281
5284
5282
5285
5283
5286
5287
5285
5288
5286
5289
5287
5290
5291
5289
5292
5290
5293
5291
5294
5295
5293
5296
5294
5297
5295
5298
5299
5297
5300
5298
5301
5299
5302
5303
5301
5304
5302
5305
5303
5306
5307
5305
5308
5306
5309
5307
5310
5311
5309
5312
5310
5313
5311
5314
5315
5313
5316
5314
5317
5315
5318
5319
5317
5320
5318
5321
5319
5322
5323
5321
5324
5322
5325
5323
5326
5327
5325
5328
5326
5329
5327
5330
5331
5329
5332
5330
5333
5331
5334
5335
5333
5336
5334
5337
5335
5338
5339
5337
5340
5338
5341
5339
5342
5343
5341
5344
5342
5345
5343
5346
5347
5345
5348
5346
5349
5347
5350
5351
5349
5352
5350
5353
5351
5354
5355
5353
5356
5354
5357
5355
5358
5359
5357
5360
5358
5361
5359
5362
5363
5361
5364
5362
5365
5363
5366
5367
5365
5368
5366
5369
5367
5370
5371
5369
5372
5370
5373
5371
5374
5375
5373
5376
5374
5377
5375
5378
5379
5377
5380
5378
5381
5379
5382
5383
5381
5384
5382
5385
5383
5386
5387
5385
5388
5386
5389
5387
5390
5391
5389
5392
5390
5393
5391
5394
5395
5393
5396
5394
5397
5395
5398
5399
5397
5400
5398
5401
5399
5402
5403
5401
5404
5402
5405
5403
5406
5407
5405
5408
5406
5409
5407
5410
5411
5409
5412
5410
5413
5411
5414
5415
5413
5416
5414
5417
5415
5418
5419
5417
5420
5418
5421
5419
5422
5423
5421
5424
5422
5425
5423
5426
5427
5425
5428
5426
5429
5427
5430
5431
5429
5432
5430
5433
5431
5434
5435
5433
5436
5434
5437
5435
5438
5439
5437
5440
5438
5441
5439
5442
5443
5441
5444
5442
5445
5443
5446
5447
5445
5448
5446
5449
5447
5450
5451
5449
5452
5450
5453
5451
5454
5455
5453
5456
5454
5457
5455
5458
5459
5457
5460
5458
5461
5459
5462
5463
5461
5464
5462
5465
5463
5466
5467
5465
5468
5466
5469
5467
5470
5471
5469
5472
5470
5473
5471
5474
5475
5473
5476
5474
5477
5475
5478
5479
5477
5480
5478
5481
5479
5482
5483
5481
5484
5482
5485
5483
5486
5487
5485
5488
5486
5489
5487
5490
5491
5489
5492
5490
5493
5491
5494
5495
5493
5496
5494
5497
5495
5498
5499
5497
5500
5498
5501
5499
5502
5503
5501
5504
5502
5505
5503
5506
5507
5505
5508
5506
5509
5507
5510
5511
5509
5512
5510
5513
5511
5514
5515
5513
5516
5514
5517
5515
5518
5519
5517
5520
5518
5521
5519
5522
5523
5521
5524
5522
5525
5523
5526
5527
5525
5528
5526
5529
5527
5530
5531
5529
5532
5530
5533
5531
5534
5535
5533
5536
5534
5537
5535
5538
5539
5537
5540
5538
5541
5539
5542
5543
5541
5544
5542
5545
5543
5546
5547
5545
5548
5546
5549
5547
5550
5551
5549
5552
5550
5553
5551
5554
5555
5553
5556
5554
5557
5555
5558
5559
5557
5560
5558
5561
5559
5562
5563
5561
5564
5562
5565
5563
5566
5567
5565
5568
5566
5569
5567
5570
5571
5569
5572
5570
5573
5571
5574
5575
5573
5576
5574
5577
5575
5578
5579
5577
5580
5578
5581
5579
5582
5583
5581
5584
5582
5585
5583
5586
5587
5585
5588
5586
5589
5587
5590
5591
5589
5592
5590
5593
5591
5594
5595
5593
5596
5594
5597
5595
5598
5599
5597
5600
5598
5601
5599
5602
5603
5601
5604
5602
5605
5603
5606
5607
5605
5608
5606
5609
5607
5610
5611
5609
5612
5610
5613
5611
5614
5615
5613
5616
5614
5617
5615
5618
5619
5617
5620
5618
5621
5619
5622
5623
5621
5624
5622
5625
5623
5626
5627
5625
5628
5626
5629
5627
5630
5631
5629
5632
5630
5633
5631
5634
5635
5633
5636
5634
5637
5635
5638
5639
5637
5640
5638
5641
5639
5642
5643
5641
5644
5642
5645
5643
5646
5647
5645
5648
5646
5649
5647
5650
5651
5649
5652
5650
5653
5651
5654
5655
5653
5656
5654
5657
5655
5658
5659
5657
5660
5658
5661
5659
5662
5663
5661
5664
5662
5665
5663
5666
5667
5665
5668
5666
5669
5667
5670
5671
5669
5672
5670
5673
5671
5674
5675
5673
5676
5674
5677
5675
5678
5679
5677
5680
5678
5681
5679
5682
5683
5681
5684
5682
5685
5683
5686
5687
5685
5688
5686
5689
5687
5690
5691
5689
5692
5690
5693
5691
5694
5695
5693
5696
5694
5697
5695
5698
5699
5697
5700
5698
5701
5699
5702
5703
5701
5704
5702
5705
5703
5706
5707
5705
5708
5706
5709
5707
5710
5711
5709
5712
5710
5713
5711
5714
5715
5713
5716
5714
5717
5715
5718
5719
5717
5720
5718
5721
5719
5722
5723
5721
5724
5722
5725
5723
5726
5727
5725
5728
5726
5729
5727
5730
5731
5729
5732
5730
5733
5731
5734
5735
5733
5736
5734
5737
5735
5738
5739
5737
5740
5738
5741
5739
5742
5743
5741
5744
5742
5745
5743
5746
5747
5745
5748
5746
5749
5747
5750
5751
5749
5752
5750
5753
5751
5754
5755
5753
5756
5754
5757
5755
5758
5759
5757
5760
5758
5761
5759
5762
5763
5761
5764
5762
5765
5763
5766
5767
5765
5768
5766
5769
5767
5770
5771
5769
5772
5770
5773
5771
5774
5775
5773
5776
5774
5777
5775
5778
5779
5777
5780
5778
5781
5779
5782
5783
5781
5784
5782
5785
5783
5786
5787
5785
5788
5786
5789
5787
5790
5791
5789
5792
5790
5793
5791
5794
5795
5793
5796
5794
5797
5795
5798
5799
5797
5800
5798
5801
5799
5802
5803
5801
5804
5802
5805
5803
5806
5807
5805
5808
5806
5809
5807
5810
5811
5809
5812
5810
5813
5811
5814
5815
5813
5816
5814
5817
5815
5818
5819
5817
5820
5818
5821
5819
5822
5823
5821
5824
5822
5825
5823
5826
5827
5825
5828
5826
5829
5827
5830
5831
5829
5832
5830
5833
5831
5834
5835
5833
5836
5834
5837
5835
5838
5839
5837
5840
5838
5841
5839
5842
5843
5841
5844
5842
5845
5843
5846
5847
5845
5848
5846
5849
5847
5850
5851
5849
5852
5850
5853
5851
5854
5855
5853
5856
5854
5857
5855
5858
5859
5857
5860
5858
5861
5859
5862
5863
5861
5864
5862
5865
5863
5866
5867
5865
5868
5866
5869
5867
5870
5871
5869
5872
5870
5873
5871
5874
5875
5873
5876
5874
5877
5875
5878
5879
5877
5880
5878
5881
5879
5882
5883
5881
5884
5882
5885
5883
5886
5887
5885
5888
5886
5889
5887
5890
5891
5889
5892
5890
5893
5891
5894
5895
5893
5896
5894
5897
5895
5898
5899
5897
5900
5898
5901
5899
5902
5903
5901
5904
5902
5905
5903
5906
5907
5905
5908
5906
5909
5907
5910
5911
5909
5912
5910
5913
5911
5914
5915
5913
5916
5914
5917
5915
5918
5919
5917
5920
5918
5921
5919
5922
5923
5921
5924
5922
5925
5923
5926
5927
5925
5928
5926
5929
5927
5930
5931
5929
5932
5930
5933
5931
5934
5935
5933
5936
5934
5937
5935
5938
5939
5937
5940
5938
5941
5939
5942
5943
5941
5944
5942
5945
5943
5946
5947
5945
5948
5946
5949
5947
5950
5951
5949
5952
5950
5953
5951
5954
5955
5953
5956
5954
5957
5955
5958
5959
5957
5960
5958
5961
5959
5962
5963
5961
5964
5962
5965
5963
5966
5967
5965
5968
5966
5969
5967
5970
5971
5969
5972
5970
5973
5971
5974
5975
5973
5976
5974
5977
5975
5978
5979
5977
5980
5978
5981
5979
5982
5983
5981
5984
5982
5985
5983
5986
5987
5985
5988
5986
5989
5987
5990
5991
5989
5992
5990
5993
5991
5994
5995
5993
5996
5994
5997
5995
5998
5999
5997
5998
5999
)


// ************************************************************************* //
